0.2 8000 1
0.2 8000 2
0.2 8000 3
0.2 8000 4
0.2 8000 5
0.2 8000 6
0.2 8000 7
0.2 8000 8
0.2 8000 9
0.2 8000 10
0.2 8000 11
0.2 8000 12
0.2 8000 13
0.2 8000 14
0.2 8000 15
0.2 8000 16
0.2 8000 17
0.2 8000 18
0.2 8000 19
0.2 8000 20
0.4 8000 1
0.4 8000 2
0.4 8000 3
0.4 8000 4
0.4 8000 5
0.4 8000 6
0.4 8000 7
0.4 8000 8
0.4 8000 9
0.4 8000 10
0.4 8000 11
0.4 8000 12
0.4 8000 13
0.4 8000 14
0.4 8000 15
0.4 8000 16
0.4 8000 17
0.4 8000 18
0.4 8000 19
0.4 8000 20
0.6 8000 1
0.6 8000 2
0.6 8000 3
0.6 8000 4
0.6 8000 5
0.6 8000 6
0.6 8000 7
0.6 8000 8
0.6 8000 9
0.6 8000 10
0.6 8000 11
0.6 8000 12
0.6 8000 13
0.6 8000 14
0.6 8000 15
0.6 8000 16
0.6 8000 17
0.6 8000 18
0.6 8000 19
0.6 8000 20
0.8 8000 1
0.8 8000 2
0.8 8000 3
0.8 8000 4
0.8 8000 5
0.8 8000 6
0.8 8000 7
0.8 8000 8
0.8 8000 9
0.8 8000 10
0.8 8000 11
0.8 8000 12
0.8 8000 13
0.8 8000 14
0.8 8000 15
0.8 8000 16
0.8 8000 17
0.8 8000 18
0.8 8000 19
0.8 8000 20
